6 0.55625 0.531481 0.06875 0.02037
0 0.09349 0.98287 0.124479 0.034259
0 0.667969 0.673148 0.129688 0.027778
0 0.172135 0.721759 0.030729 0.04537
0 0.178125 0.779167 0.038542 0.017593
0 0.222917 0.865278 0.0625 0.156481
0 0.0875 0.793981 0.080208 0.028704
0 0.14401 0.943981 0.090104 0.028704
2 0.150781 0.775463 0.030729 0.041667
0 0.266667 0.636111 0.111458 0.231481
0 0.053646 0.902778 0.090625 0.12037
0 0.435156 0.502315 0.091146 0.05463
0 0.392708 0.551852 0.017708 0.038889
0 0.434896 0.944907 0.373958 0.047222
0 0.369271 0.566204 0.030208 0.013889
