1 0.501953125 0.5933333333333334 0.06796875 0.05
1 0.43515625 0.2866666666666667 0.0515625 0.11666666666666667
0 0.223046875 0.92 0.02734375 0.11
0 0.963671875 0.7966666666666666 0.07265625 0.056666666666666664
0 0.19921875 0.875 0.075 0.23666666666666666
0 0.974609375 0.6341666666666667 0.04921875 0.035
0 0.301953125 0.7291666666666666 0.53515625 0.34833333333333333
0 0.77578125 0.6783333333333333 0.4265625 0.32
0 0.902734375 0.5483333333333333 0.19453125 0.08666666666666667
0 0.337109375 0.525 0.00859375 0.043333333333333335
0 0.78359375 0.5008333333333334 0.0875 0.041666666666666664
0 0.2359375 0.5341666666666667 0.0125 0.15833333333333333
0 0.299609375 0.43166666666666664 0.06953125 0.12333333333333334
0 0.66875 0.43 0.0125 0.12333333333333334
0 0.338671875 0.2866666666666667 0.02578125 0.13
0 0.13046875 0.39416666666666667 0.2609375 0.395
0 0.15859375 0.17333333333333334 0.0515625 0.17333333333333334
0 0.624609375 0.21083333333333334 0.09609375 0.2916666666666667
0 0.221484375 0.12666666666666668 0.04296875 0.24333333333333335
0 0.465625 0.10916666666666666 0.2234375 0.21833333333333332
0 0.165234375 0.0375 0.03984375 0.075
0 0.13046875 0.09416666666666666 0.0359375 0.18833333333333332
5 0.494921875 0.4091666666666667 0.16171875 0.385
