0 0.9236979166666667 0.9638888888888889 0.008854166666666666 0.027777777777777776
0 0.9083333333333333 0.9324074074074075 0.009375 0.02962962962962963
0 0.23177083333333334 0.9518518518518518 0.078125 0.07962962962962963
0 0.17317708333333334 0.9101851851851852 0.034895833333333334 0.012962962962962963
0 0.8229166666666666 0.9310185185185185 0.011458333333333333 0.058333333333333334
0 0.8830729166666667 0.8949074074074074 0.030729166666666665 0.032407407407407406
0 0.7765625 0.9222222222222223 0.030208333333333334 0.15555555555555556
0 0.059375 0.850462962962963 0.016666666666666666 0.023148148148148147
0 0.9182291666666667 0.8398148148148148 0.015625 0.07222222222222222
0 0.79609375 0.8032407407407407 0.0390625 0.030555555555555555
0 0.7625 0.8152777777777778 0.008333333333333333 0.06759259259259259
0 0.12005208333333334 0.8407407407407408 0.0640625 0.13703703703703704
0 0.9020833333333333 0.7481481481481481 0.021875 0.07777777777777778
0 0.10833333333333334 0.687037037037037 0.08854166666666667 0.022222222222222223
0 0.8747395833333333 0.6763888888888889 0.028645833333333332 0.06944444444444445
0 0.7471354166666667 0.5976851851851852 0.0234375 0.028703703703703703
0 0.85703125 0.5953703703703703 0.0171875 0.05
0 0.3765625 0.5694444444444444 0.022916666666666665 0.014814814814814815
0 0.8177083333333334 0.5726851851851852 0.017708333333333333 0.04351851851851852
0 0.340625 0.5481481481481482 0.014583333333333334 0.007407407407407408
0 0.8364583333333333 0.55 0.008333333333333333 0.018518518518518517
0 0.77890625 0.5412037037037037 0.018229166666666668 0.010185185185185186
0 0.8341145833333333 0.5342592592592592 0.0067708333333333336 0.014814814814814815
0 0.7986979166666667 0.5337962962962963 0.009895833333333333 0.032407407407407406
0 0.7908854166666667 0.5296296296296297 0.009895833333333333 0.024074074074074074
0 0.2609375 0.5712962962962963 0.016666666666666666 0.1425925925925926
0 0.8252604166666667 0.5115740740740741 0.009895833333333333 0.025
0 0.6763020833333333 0.6888888888888889 0.36302083333333335 0.42777777777777776
0 0.8125 0.475462962962963 0.016666666666666666 0.03796296296296296
0 0.26666666666666666 0.4703703703703704 0.11354166666666667 0.03148148148148148
0 0.7697916666666667 0.48518518518518516 0.04583333333333333 0.07777777777777778
0 0.3765625 0.43194444444444446 0.01875 0.017592592592592594
0 0.39348958333333334 0.4125 0.0067708333333333336 0.025
0 0.7729166666666667 0.4111111111111111 0.004166666666666667 0.03148148148148148
0 0.8005208333333333 0.4 0.014583333333333334 0.05555555555555555
0 0.2015625 0.4324074074074074 0.041666666666666664 0.12777777777777777
0 0.7809895833333333 0.38287037037037036 0.0078125 0.03796296296296296
0 0.5611979166666666 0.36064814814814816 0.06197916666666667 0.013888888888888888
0 0.40286458333333336 0.36435185185185187 0.008854166666666666 0.021296296296296296
0 0.6635416666666667 0.4050925925925926 0.096875 0.11388888888888889
0 0.17317708333333334 0.3472222222222222 0.04010416666666667 0.011111111111111112
0 0.678125 0.33240740740740743 0.0125 0.025925925925925925
0 0.425 0.32407407407407407 0.007291666666666667 0.03148148148148148
0 0.2635416666666667 0.3365740740740741 0.010416666666666666 0.062037037037037036
0 0.7963541666666667 0.32175925925925924 0.009375 0.049074074074074076
0 0.73046875 0.3435185185185185 0.058854166666666666 0.11666666666666667
0 0.27239583333333334 0.28194444444444444 0.008333333333333333 0.04351851851851852
0 0.7651041666666667 0.3050925925925926 0.040625 0.09166666666666666
0 0.70390625 0.26805555555555555 0.013020833333333334 0.03611111111111111
0 0.24166666666666667 0.26157407407407407 0.025 0.028703703703703703
0 0.6010416666666667 0.29953703703703705 0.025 0.10648148148148148
0 0.7932291666666667 0.26435185185185184 0.01875 0.05648148148148148
0 0.421875 0.22083333333333333 0.021875 0.008333333333333333
0 0.75625 0.2273148148148148 0.004166666666666667 0.041666666666666664
0 0.6583333333333333 0.2064814814814815 0.040625 0.009259259259259259
0 0.6234375 0.22314814814814815 0.027083333333333334 0.046296296296296294
0 0.73359375 0.22407407407407406 0.024479166666666666 0.05740740740740741
0 0.28463541666666664 0.21157407407407408 0.1296875 0.06574074074074074
0 0.22291666666666668 0.17777777777777778 0.016666666666666666 0.009259259259259259
0 0.7072916666666667 0.20972222222222223 0.017708333333333333 0.07685185185185185
0 0.76484375 0.20925925925925926 0.015104166666666667 0.07777777777777778
0 0.38046875 0.16574074074074074 0.08072916666666667 0.03333333333333333
0 0.7520833333333333 0.14907407407407408 0.01875 0.044444444444444446
0 0.3421875 0.11944444444444445 0.016666666666666666 0.03333333333333333
0 0.43255208333333334 0.11435185185185186 0.06510416666666667 0.025
0 0.6674479166666667 0.09861111111111111 0.0265625 0.010185185185185186
0 0.3846354166666667 0.09074074074074075 0.0328125 0.014814814814814815
0 0.5390625 0.1388888888888889 0.25625 0.12407407407407407
0 0.6596354166666667 0.07962962962962963 0.0203125 0.011111111111111112
0 0.69375 0.0763888888888889 0.014583333333333334 0.023148148148148147
0 0.6440104166666667 0.0699074074074074 0.021354166666666667 0.05462962962962963
0 0.40729166666666666 0.03888888888888889 0.014583333333333334 0.012962962962962963
0 0.6651041666666667 0.022222222222222223 0.026041666666666668 0.018518518518518517
0 0.7486979166666666 0.09722222222222222 0.16614583333333333 0.19444444444444445
0 0.58359375 0.04490740740740741 0.13385416666666666 0.08981481481481482
