1 0.115625 0.3775 0.05 0.10833333333333334
1 0.13984375 0.24583333333333332 0.0453125 0.06166666666666667
1 0.046484375 0.18166666666666667 0.09296875 0.2633333333333333
3 0.0828125 0.6358333333333334 0.1640625 0.7283333333333334
3 0.123046875 0.13083333333333333 0.10546875 0.25833333333333336
0 0.865625 0.19083333333333333 0.0296875 0.028333333333333332
0 0.9796875 0.1475 0.040625 0.018333333333333333
0 0.25 0.09583333333333334 0.1640625 0.115
0 0.888671875 0.09416666666666666 0.13984375 0.18833333333333332
0 0.04609375 0.02666666666666667 0.0921875 0.05333333333333334
