1 0.30859375 0.9841666666666666 0.0296875 0.03166666666666667
1 0.48359375 0.8775 0.3390625 0.245
3 0.145703125 0.41833333333333333 0.07265625 0.26
0 0.110546875 0.9891666666666666 0.06015625 0.021666666666666667
0 0.03046875 0.98 0.0609375 0.03666666666666667
0 0.2421875 0.9483333333333334 0.1578125 0.10333333333333333
0 0.976953125 0.9391666666666667 0.04296875 0.12166666666666667
0 0.804296875 0.885 0.39140625 0.23
0 0.504296875 0.5591666666666667 0.06640625 0.605
0 0.53359375 0.385 0.1015625 0.7566666666666667
0 0.982421875 0.21666666666666667 0.03515625 0.43333333333333335
0 0.96484375 0.37833333333333335 0.0703125 0.7566666666666667
0 0.5734375 0.4066666666666667 0.10625 0.8133333333333334
