1 0.690625 0.1275 0.121875 0.20833333333333334
3 0.719140625 0.3375 0.09921875 0.25833333333333336
0 0.143359375 0.8816666666666667 0.28671875 0.23666666666666666
0 0.23046875 0.8091666666666667 0.459375 0.38166666666666665
0 0.171484375 0.5858333333333333 0.34296875 0.25833333333333336
0 0.705078125 0.6633333333333333 0.08515625 0.6733333333333333
0 0.873828125 0.3175 0.25234375 0.285
0 0.14453125 0.26416666666666666 0.1921875 0.5083333333333333
0 0.705859375 0.05333333333333334 0.02265625 0.10666666666666667
0 0.07109375 0.23416666666666666 0.1421875 0.4683333333333333
0 0.0359375 0.1375 0.071875 0.275
