0 0.87578125 0.8533333333333334 0.03125 0.15666666666666668
0 0.807421875 0.8141666666666667 0.18203125 0.37166666666666665
0 0.50859375 0.5833333333333334 0.165625 0.09
0 0.92578125 0.5725 0.1140625 0.19166666666666668
0 0.916796875 0.365 0.09609375 0.23
0 0.81328125 0.38166666666666665 0.1109375 0.3466666666666667
0 0.71171875 0.32666666666666666 0.0828125 0.4866666666666667
0 0.93671875 0.13333333333333333 0.06875 0.26666666666666666
0 0.31640625 0.1425 0.034375 0.285
0 0.10625 0.18916666666666668 0.2125 0.37833333333333335
2 0.348046875 0.6033333333333334 0.30703125 0.7933333333333333
2 0.79453125 0.385 0.4109375 0.5
5 0.18359375 0.7366666666666667 0.365625 0.5266666666666666
