1 0.118359375 0.13916666666666666 0.23671875 0.275
0 0.342578125 0.7175 0.02890625 0.565
0 0.070703125 0.2375 0.01171875 0.021666666666666667
0 0.006640625 0.20583333333333334 0.01328125 0.028333333333333332
0 0.2234375 0.15166666666666667 0.015625 0.06666666666666667
0 0.58671875 0.21916666666666668 0.8265625 0.43833333333333335
0 0.862109375 0.02 0.06640625 0.04
0 0.283203125 0.055 0.02265625 0.11
0 0.120703125 0.05583333333333333 0.07421875 0.11166666666666666
2 0.286328125 0.635 0.08671875 0.73
