5 0.275 0.790741 0.304167 0.418519
6 0.94349 0.753704 0.111979 0.125926
1 0.427083 0.294907 0.035417 0.056481
3 0.363802 0.281481 0.049479 0.031481
5 0.209635 0.469907 0.121354 0.112037
5 0.3375 0.523611 0.075 0.113889
1 0.244792 0.393056 0.079167 0.037963
5 0.385677 0.409259 0.088021 0.112963
5 0.464062 0.241667 0.072917 0.068519
4 0.923958 0.875 0.115625 0.1
0 0.508854 0.922685 0.108333 0.021296
0 0.735938 0.637963 0.261458 0.035185
2 0.383073 0.911574 0.024479 0.025
0 0.732031 0.921296 0.183854 0.033333
